00000000 11111001 11110000 00001111 10011111 00000000       00 f9 f0 0f 9f 00
00001111 11111101 11111111 11111111 10111111 11110000       0f fd ff ff bf f0
11111111 11111111 11111111 11111111 11111111 11111111       ff ff ff ff ff ff
11111111 11111111 11111111 11111111 11111111 11111111       ff ff ff ff ff ff
00000000 11111111 11111111 11111111 11111111 00000000       00 ff ff ff ff 00
00000011 11111111 11111111 11111111 11111111 11000000       03 ff ff ff ff c0
00000011 11111111 11111111 11111111 11111111 11000000       03 ff ff ff ff c0
00000010 00111111 11111111 11111111 11111100 01000000       02 3f ff ff fc 40

00000010 00000001 11111111 11111111 10000000 01000000       02 01 ff ff 80 40
00000000 00000000 11111111 11111111 00000000 00000000       00 00 ff ff 00 00
00000000 00000000 00111111 11111100 00000000 00000000       00 00 3f fc 00 00
00000000 00000000 00111111 11111100 00000000 00000000       00 00 3f fc 00 00
00000000 00000000 00111110 01111100 00000000 00000000       00 00 3e 7c 00 00
00000000 00000000 00011100 00111000 00000000 00000000       00 00 1c 38 00 00
00000000 00000000 00001100 00110000 00000000 00000000       00 00 0c 30 00 00
00000000 00000000 00001100 00110000 00000000 00000000       00 00 0c 30 00 00